20904450.000
1282764.000
40526136
5292 7658
16.400
M001    1918    0       5152    1708    
M002    1246    266     1918    1820    
M003    952     5040    3136    6048    
M004    0       6048    3080    7658    
M005    2744    3374    3276    4760    
M006    3080    6538    4942    7420    
M007    0       1456    868     1806    
M008    0       0       1246    644     
M009    1246    1820    1708    2800    
M010    1708    3304    2002    3920    
M011    0       644     826     1022    
M012    826     644     1232    1442    
M013    1246    0       1918    266     
M014    3276    3374    4200    3780    
M015    4074    4438    4480    5278    
M016    3276    4760    4074    5082    
M017    0       5600    756     5992    
M018    2954    2198    4032    2590    
M019    3276    4046    4102    4438    
M020    4074    5278    4872    5530    
M021    4200    3262    5026    3654    
M022    2660    3010    3612    3374    
M023    952     2800    1442    3934    
M024    3276    3780    4074    4046    
M025    3276    4438    4060    4760    
M026    3612    2590    3962    3318    
M027    2296    3304    2660    4144    
M028    4032    1708    4550    2772    
M029    3038    1708    4032    2198    
M030    3276    5082    4004    6384    
M031    3962    2870    5012    3262    
M032    0       4452    378     5236    
M033    0       2562    952     4452    
M034    378     4452    938     5600    
M035    1442    3920    2296    4312    
M036    4004    6090    4998    6538    
M037    4074    5530    5292    6090    
M038    952     3934    1400    4900    
M039    868     1442    1232    2226    
M040    0       2170    868     2562    
M041    0       1806    854     2170    
M042    2660    1708    3038    1876    
M043    2422    2100    2954    3010    
M044    4480    3654    5110    4956    
M045    4550    1708    5222    2870    
M046    1918    2100    2422    3304    
M047    0       1022    812     1456    
M048    1442    4312    2744    5040    
M049    1918    1708    2660    2100    
